0
0
0
0
0
0
0
0
0
0
0
0
0
0
0
0
0
0
0
0
0
0
0
0
0
0
0
0
0
0
0
0
0
0
0
0
0
0
0
0
0
0
0
0
0
0
0
0
0
0
0
0
0
0
0
0
0
0
0
0
0
0
0
0
0
0
0
0
0
0
0
0
0
0
0
0
0
0
0
0
0
0
0
0
0
0
0
0
0
0
0
0
0
0
0
0
0
0
0
0
0
0
0
0
0
0
0
0
0
0
0
0
0
0
0
0
0
0
0
0
0
0
0
0
0
0
0
0
0
0
0
0
0
0
0
0
0
0
0
0
0
0
0
0
0
0
0
0
0
0
0
0
0
0
0
0
0
0
0
0
0
0
0
0
0
0
0
0
0
0
0
0
0
0
0
0
0
0
0
0
0
0
0
0
0
0
0
0
0
0
0
0
0
0
0
0
0
0
0
0
0
0
0
0
0
0
0
0
0
0
0
0
0
0
0
0
0
0
0
0
0
0
0
0
0
0
0
0
0
0
0
0
0
0
0
0
0
0
0
0
0
0
0
0
0
0
0
0
0
0
0
0
0
0
0
0
0
0
0
0
0
0
0
0
0
0
0
0
0
0
0
0
0
0
0
0
0
0
0
0
0
0
0
0
0
0
0
0
0
0
0
0
0
0
0
0
0
0
0
0
0
0
0
0
0
0
0
0
0
0
0
0
0
0
0
0
0
0
0
0
0
0
0
0
0
0
0
0
0
0
0
0
0
0
0
0
0
0
0
0
0
0
0
0
0
0
0
0
0
0
0
0
0
0
0
0
0
0
0
0
0
0
0
0
0
0
0
0
0
0
0
0
0
0
0
0
0
0
0
0
0
0
0
0
0
0
0
0
0
0
0
0
0
0
0
0
0
0
0
0
0
0
0
0
0
0
0
0
0
0
0
0
0
0
0
0
0
0
0
0
0
0
0
0
0
0
0
0
0
0
0
0
0
0
0
0
0
0
0
0
0
0
0
0
0
0
0
0
0
0
0
0
0
0
0
0
0
0
0
0
0
0
0
0
0
0
0
0
0
0
0
0
0
0
0
0
0
0
0
0
0
0
0
0
0
0
0
0
0
0
0
0
0
0
0
0
0
0
0
0
0
0
0
0
0
0
0
0
0
0
0
0
0
0
0
0
0
0
0
0
0
0
0
0
0
0
0
0
0
0
0
0
0
0
0
0
0
0
0
0
0
0
0
0
0
0
0
0
0
0
0
0
0
0
0
0
0
0
0
0
0
0
0
0
0
0
0
0
0
0
0
0
0
0
0
0
0
0
0
0
0
0
0
0
0
0
0
0
0
0
0
0
0
0
0
0
0
0
0
0
0
0
0
0
0
0
0
0
0
0
0
0
0
0
0
0
0
0
0
0
0
0
0
0
0
0
0
0
0
0
0
0
0
0
0
0
0
0
0
0
0
0
0
0
0
0
0
0
0
0
0
0
0
0
0
0
0
0
0
0
0
0
0
0
0
0
0
0
0
0
0
0
0
0
0
0
0
0
0
0
0
0
0
0
0
0
0
0
0
0
0
0
0
0
0
0
0
0
0
0
0
0
0
0
0
0
0
0
0
0
0
0
0
0
0
0
0
0
0
0
0
0
0
0
0
0
0
0
0
0
0
0
0
0
0
0
0
0
0
0
0
0
0
0
0
0
0
0
0
0
0
0
0
0
0
0
0
0
0
0
0
0
0
0
0
0
0
0
0
0
0
0
0
0
0
0
0
0
0
0
0
0
0
0
0
0
0
0
0
0
0
0
0
0
0
0
0
0
0
0
0
0
0
0
0
0
0
0
0
0
0
0
0
0
0
0
0
0
0
0
0
0
0
0
0
0
0
0
0
0
0
0
0
0
0
0
0
0
0
0
0
0
0
0
0
0
0
0
0
0
0
0
0
0
0
0
0
0
0
0
0
0
0
0
0
0
0
0
0
0
0
0
0
0
0
0
0
0
0
0
0
0
0
0
0
0
0
0
0
0
0
0
0
0
0
0
0
0
0
0
0
0
0
0
0
0
0
0
0
0
0
0
0
0
0
0
0
0
0
0
0
0
0
0
0
0
0
0
0
0
0
0
0
0
0
0
0
0
0
0
0
0
0
0
0
0
0
0
0
0
0
0
0
0
0
0
0
0
0
0
0
0
0
0
0
0
0
0
0
0
0
0
0
0
0
0
0
0
0
0
0
0
0
0
0
0
0
0
0
0
0
0
0
0
0
0
0
0
0
0
0
0
0
0
0
0
0
0
0
0
0
0
0
0
0
0
0
0
0
0
0
0
0
0
10963
10839
11429
10958
11030
10903
10788
11066
11001
11119
10957
11033
10985
10908
11365
10923
10973
11001
11211
10041
11184
11160
11098
10984
11165
11300
10936
10846
10968
11166
11222
11028
11052
10914
10579
10635
10924
11146
10956
11028
11196
11309
11045
11369
10992
11245
11175
11237
10930
11131
11366
11088
10917
11195
11321
11389
10969
11342
11224
11284
10511
10831
11300
11144
11179
11227
11547
11107
11126
11379
11150
11119
11311
11615
11198
11348
11137
11207
11341
11399
11040
11356
11563
10172
11262
11081
11083
10690
10796
11029
10674
10731
10194
11152
11278
11091
11268
11354
11599
11231
11194
11466
11276
11336
11447
11563
11274
11203
11454
11236
11444
11281
11203
11496
11642
11409
11399
11409
11216
11345
11440
11602
11621
11617
10937
11034
11546
11282
11355
11632
11784
11245
11427
11664
11431
11267
11609
11957
11374
11481
11484
11435
11680
11536
11577
11663
11697
10606
11597
11716
11476
11423
11597
11611
11386
11723
11578
11754
11616
11458
11636
11800
11888
11639
11711
12124
11461
11606
11305
11789
11923
11657
11275
11431
11707
11806
11527
11809
11993
11621
11811
11750
11681
11649
11509
11981
12084
11820
11207
11431
12018
11826
11630
11759
11853
11813
11982
11795
11561
11727
11874
12040
11618
11751
11604
11685
12129
11757
11597
11935
12147
10790
11849
11920
11835
11740
12039
12107
11706
12156
11850
11934
11759
11413
11521
12114
12346
11819
11973
12154
12004
12022
12123
12290
12044
11980
11914
12134
12226
12135
12000
12298
12690
12274
12083
12161
12072
12172
12045
12657
12473
12025
11571
11991
12242
12265
12172
12293
12557
12073
12262
12322
12279
12269
12463
12516
12152
12495
12121
12407
12466
12114
12325
12300
12770
11014
12484
12278
12164
12299
12632
12626
12229
12189
12180
12453
12652
12253
12377
12281
11837
11915
12282
12406
12294
12074
12697
12501
12535
12409
12502
12424
12718
12336
12313
12513
12692
12635
12539
12716
12334
12485
12454
12813
12544
12373
11952
12098
12620
12724
12363
12698
13036
12393
12574
12727
12676
12556
12756
12744
12485
12441
12401
12683
12697
12499
12480
12840
12902
11476
13063
12901
12559
12614
12654
12808
12440
12528
12440
12913
12768
12682
12424
12371
12467
12348
12238
12316
12173
12299
12833
12673
12755
12716
12585
12747
12730
12506
12581
12788
13202
12734
12721
12834
12549
12598
12700
13085
12817
13069
12160
12377
12874
13028
12859
12819
13178
12673
12700
12914
12727
12930
13060
13041
12917
12960
12848
12952
13248
12892
12815
13259
13273
11728
13100
12926
12888
12950
13204
13317
13186
12956
12928
13085
13398
13037
13034
13120
13467
13244
12959
13362
12899
13003
12660
13140
13129
13226
12853
12837
13190
13185
13238
13292
13689
13201
13125
13401
13293
13341
13164
13580
13417
13234
12712
12970
13645
13214
13228
13453
13641
13322
13143
13328
13575
13399
13461
13979
13310
13569
13161
13669
13566
13392
13293
13414
14049
12147
13876
13500
13664
13390
13849
13745
13325
13306
13486
13643
13293
12962
13368
13701
14151
13602
13464
13708
13611
13459
13869
13877
13695
13587
13700
13673
13802
13615
13675
13805
14129
13600
13584
13868
13821
13802
13670
14000
13750
13699
13168
13223
13909
13829
13483
13852
14310
13872
13768
13890
13737
13855
14036
14139
13739
13739
13630
14077
14007
13713
13709
13876
14055
12515
14071
13930
13751
14013
13999
13940
13868
13693
13879
13998
14137
13880
13733
13617
13326
13414
13750
13945
13901
13642
14135
14178
13619
14056
14065
13957
14279
13962
13874
14068
14275
14119
13967
14078
13968
14111
13720
14374
14233
14119
13333
13839
14391
14216
13958
14214
14644
13981
14031
14348
14081
14336
14411
14223
14121
14331
14236
14239
14268
14000
14227
14486
14827
12992
14188
14488
14149
14410
14404
14645
14169
14458
14209
14417
14669
14408
14187
14751
14762
14316
14311
14393
13880
13901
14669
14525
14457
14598
14368
14533
14904
14532
14589
14510
14997
14737
14408
14694
14766
14516
14630
15050
14734
14845
13910
14349
14929
14681
14803
14856
15058
14566
14735
14703
14493
14537
14579
14803
14531
14773
14590
15005
15252
14777
14808
15043
15466
13661
14938
14960
14725
14938
15259
15069
14883
15076
14849
15063
15088
14987
15026
14993
15674
15024
14946
15029
15095
14964
14810
15212
15017
14844
14594
14773
15199
15114
14816
15355
15529
15307
14947
15304
14968
15255
15013
15660
15285
15175
14132
14959
15334
15169
15166
15168
15639
14921
15319
15172
15460
15147
15103
15739
15185
14870
15431
15217
15289
15373
15169
15411
15629
13896
15465
15375
15248
15344
15609
15431
15048
15575
15228
15288
15512
14520
14887
15616
15745
15470
15293
15649
15291
15148
15572
15832
15244
15464
15343
15600
15849
15514
15456
15763
15930
15556
15565
15828
15586
15570
15558
15988
15771
15838
15075
15283
15833
15468
15593
16125
16189
15473
15698
15989
15541
15959
15948
15932
15657
15855
15627
15834
16020
15774
15707
15716
16590
14483
16088
15878
15537
16183
15978
15978
15625
16064
15976
16196
16047
15881
15819
15898
15379
15341
16088
16122
15971
15826
16142
16319
15956
15988
16120
16197
16427
16234
16026
16410
16422
15968
15931
16378
15977
16126
16164
16412
16345
16236
15032
15993
16370
16424
15990
16288
16719
15921
16251
16565
16077
16300
16165
16510
16126
16467
16370
16365
16606
16424
16062
16360
16609
14853
16565
16581
16318
16537
16657
16345
16503
16523
16349
16361
16731
16424
16484
16485
16976
16554
16385
16509
15811
16301
16852
16550
16409
16309
16295
16284
16467
16357
15907
16299
16656
16442
16468
16791
16596
16706
16379
17023
16934
16556
15773
16156
16864
16559
16654
17027
17135
16794
16787
16836
16819
16946
17077
16909
17023
16780
16644
16891
17419
17125
16740
17058
17396
15559
17238
17377
16940
16834
17133
17256
16803
17159
17028
17424
17364
17012
16970
17101
17706
17173
16955
17288
17130
17057
17120
17327
17286
17174
16883
16795
17325
17164
17306
17363
18116
17186
17290
17736
17430
17300
17529
18003
17707
17479
16453
17539
17805
17702
17327
17395
18240
17362
17850
17968
17707
17858
17754
18224
17605
17689
17664
17948
18116
17910
17900
17995
18580
16208
18047
18141
17844
17929
18425
18372
17797
18250
17884
18311
18056
17296
17595
18467
18776
18081
18262
18618
18049
17810
18560
18780
18391
18232
18207
18677
18790
18414
18282
18684
18874
18589
18548
18781
18535
18750
18412
19053
18654
18443
17828
18266
18828
18644
18650
19079
19251
18420
18793
18885
18509
18853
19008
19121
18634
18657
18759
19195
19126
18809
18640
19063
19396
17141
19126
18906
19069
19025
19315
19104
18932
18979
18937
19303
19380
19026
18921
18957
18576
18147
18909
19389
18998
18904
19344
19249
19343
19114
19080
19372
19420
19295
19143
19537
19653
19184
19081
19605
19330
19230
19001
19766
19786
19294
18302
19212
19682
19390
19487
19745
19974
19357
19540
19677
19436
19761
19956
20032
19626
19615
19583
20062
20033
19791
19594
19825
20405
17912
20164
20137
19938
20046
20314
20031
19889
19758
19678
20443
20427
19920
19912
20380
20565
20028
19763
19754
18918
18837
19202
19439
19115
19551
19588
20179
20016
20112
20040
20241
20849
20480
20017
20540
20266
20212
20397
20724
20684
20195
19516
19773
20516
20124
19960
20380
21000
20213
20237
20795
20140
20262
20378
20717
19946
20237
20354
20558
20690
20223
20147
20528
20775
18435
20607
20753
20352
20413
20820
20753
20671
20549
20450
20682
20760
20973
20402
20728
21305
20692
20619
20939
20821
20596
20522
20786
20541
20747
20237
20213
20714
21056
20793
20975
21681
20636
20673
21318
20950
21086
20785
21674
21431
21100
19971
20792
21217
21085
21065
21397
21993
21219
21420
21778
21073
21292
21852
21667
21386
21616
21663
21653
21727
21761
21461
21811
22308
19729
21927
21844
21667
21535
22130
22032
21639
21842
21563
21628
21527
20887
21413
21986
22410
21931
21812
22253
21931
21340
22110
22231
21894
22338
21722
22179
22370
21902
21972
22260
22421
22089
22099
22360
21922
21923
21985
22424
22108
22269
21016
21501
22422
22095
21948
22283
22668
21650
22097
22340
21873
22021
22175
22346
22366
22146
21594
22316
22140
22277
21973
22629
22838
20363
22523
22732
22486
22132
22947
22822
22668
22799
22365
22801
23265
22800
22654
22380
21851
21783
22704
23040
22565
22482
23339
23248
22634
22744
23035
23052
23711
23216
23124
23159
23903
23607
23035
23548
23234
23583
23437
24166
23721
23740
22289
23210
24192
23641
23422
23609
24651
23715
24015
24083
23852
23792
24119
24265
23722
23975
24006
23972
24450
24082
23845
24098
24571
21856
24679
24250
24152
23961
24506
24248
23938
24193
23632
23779
24172
23703
23721
23945
24518
24297
24313
24514
24171
23769
24625
24619
24343
24337
24382
24325
24610
24328
24070
24601
25131
24341
24133
24572
24451
24272
24488
25302
24781
24875
23604
24130
25280
24694
24756
25170
25795
24737
25317
25192
24821
25354
25581
25574
25191
25359
25076
25592
25871
25306
25551
25688
26197
23458
26026
26413
25712
25838
26416
26562
25727
26407
26084
26237
26661
26588
26317
26558
27116
26369
26327
26847
26510
26645
26359
26624
26343
26709
25789
25827
26493
26646
26638
26828
27147
26847
26085
26798
26676
26915
26255
27465
26986
26585
25054
26264
27242
26719
26570
27107
27432
26748
26891
27103
26886
26890
27544
27164
26782
27175
26662
26929
27466
27156
27054
27093
27798
24865
27684
27379
27091
27267
27776
27840
27300
27642
27294
27520
27162
26472
26905
27689
28720
27976
27573
28107
27683
27583
28308
28359
27939
28296
28274
28411
28504
28073
28046
28701
29334
28557
27974
29211
28445
28702
28238
29136
29397
28734
27239
28400
29086
29005
28924
29000
29751
28729
29383
29625
29025
29089
29407
29641
29468
29378
29005
29570
29873
29486
29123
29635
30332
26919
29654
29765
29482
29740
30143
29953
29658
29419
29373
29822
29855
29565
29525
29392
28513
28470
29750
29840
29520
29144
30489
30404
29608
29789
29764
30300
30332
30069
29907
30516
31116
30139
30194
30819
30342
30258
30307
31457
30488
30816
28807
29888
31371
30614
30946
31103
31715
30560
31027
31545
31010
31146
31522
31695
31080
31476
31169
31896
32012
31450
31193
31852
32699
28997
32335
32152
31751
31878
32418
32221
31563
31736
30785
31226
31397
30844
30782
31576
32431
32028
31984
32579
32043
31728
32673
33011
32485
32184
32156
32730
33038
32641
32397
32672
33658
32776
32232
32936
32512
32797
32718
33615
32996
32735
31357
31991
33125
33148
32882
33312
34137
32867
33075
33516
33410
33398
33688
34300
33382
33851
33544
34176
34256
34101
33755
34383
34971
31135
34245
34401
34323
34283
34735
34630
34306
34343
34442
34788
34980
34692
34406
34963
35609
34755
34226
35372
34759
34857
34144
35021
34846
34737
33977
33963
34641
34840
34738
35239
35544
34994
34521
35266
34653
35166
34887
36080
35542
35110
33117
34479
35940
35504
35288
35703
36619
35287
35678
36113
35488
36106
36055
36561
35842
36211
35842
36884
36746
36293
36541
36929
37552
33827
37327
37345
36558
37369
37480
37540
37036
37261
36955
37388
37275
35707
36267
37756
38625
37779
37394
38137
37258
36995
38162
38620
37562
38078
37742
38390
38560
38285
38348
38839
39399
38483
38444
39015
38593
38971
38701
39627
39442
39055
36249
39351
39833
39387
39330
40144
41163
39694
40191
40494
40396
40626
41019
41400
40262
41068
40317
41338
41862
41112
40332
41477
42520
37866
42296
41724
41291
41723
42258
42325
41733
41737
41559
42278
42170
41253
41018
39952
39835
40495
41435
42083
41043
41507
42307
42533
42087
42323
41866
42836
43224
42948
42174
43163
43520
42989
43058
43570
42728
43696
42699
44385
43567
43860
41103
42822
44124
43953
43537
44432
45149
43399
44282
44840
44213
44148
44969
44889
44428
44113
43350
44268
43880
43357
43153
43894
44863
39621
44646
44864
44295
44677
44131
46101
45980
45379
42395
45671
45985
45255
45045
45702
46676
45854
45260
45985
45568
44982
46598
46345
45856
45513
45386
45872
47023
46551
46259
47732
48600
47470
46941
48342
47596
48027
47816
49540
48429
48318
46022
46794
48390
47782
47603
48293
49201
47609
48052
48340
47761
48342
48398
48832
47772
48165
48327
49370
48797
42611
33452
24930
12680
2580
148
1
0
0
0
0
0
0
0
0
0
0
0
0
0
0
0
0
0
0
0
0
0
0
0
0
0
0
0
0
0
0
0
0
0
0
0
0
0
0
0
0
0
0
0
0
0
0
0
0
0
0
0
0
0
0
0
0
0
0
0
0
0
0
0
0
0
0
0
0
0
0
0
0
0
0
0
0
0
0
0
0
0
0
0
0
0
0
0
0
0
0
0
0
0
0
0
0
0
0
0
0
0
0
0
0
0
0
0
0
0
0
0
0
0
0
0
0
0
0
0
0
0
0
0
0
0
0
0
0
0
0
0
0
0
0
0
0
0
0
0
0
0
0
0
0
0
0
0
0
0
0
0
0
0
0
0
0
0
0
0
0
0
0
0
0
0
0
0
0
0
0
0
0
0
0
0
0
0
0
0
0
0
0
0
0
0
0
0
0
0
0
0
0
0
0
0
0
0
0
0
0
0
0
0
0
0
0
0
0
0
0
0
0
0
0
0
0
0
0
0
0
0
0
0
0
0
0
0
0
0
0
0
0
0
0
0
0
0
0
0
0
0
0
0
0
0
0
0
0
0
0
0
0
0
0
0
0
0
0
0
0
0
0
0
0
0
0
0
0
0
0
0
0
0
0
0
0
0
0
0
0
0
0
0
0
0
0
0
0
0
0
0
0
0
0
0
0
0
0
0
0
0
0
0
0
0
0
0
0
0
0
0
0
0
0
0
0
0
0
0
0
0
0
0
0
0
0
0
0
0
0
0
0
0
0
0
0
0
0
0
0
0
0
0
0
0
0
0
0
0
0
0
0
0
0
0
0
0
0
0
0
0
0
0
0
0
0
0
0
0
0
0
0
0
0
0
0
0
0
0
0
0
0
0
0
0
0
0
0
0
0
0
0
0
0
0
0
0
0
0
0
0
0
0
0
0
0
0
0
0
0
0
0
0
0
0
0
0
0
0
0
0
0
0
0
0
0
0
0
0
0
0
0
0
0
0
0
0
0
0
0
0
0
0
0
0
0
0
0
0
0
0
0
0
0
0
0
0
0
0
0
0
0
0
0
0
0
0
0
0
0
0
0
0
0
0
0
0
0
0
0
0
0
0
0
0
0
0
0
0
0
0
0
0
0
0
0
0
0
0
0
0
0
0
0
0
0
0
0
0
0
0
0
0
0
0
0
0
0
0
0
0
0
0
0
0
0
0
0
0
0
0
0
0
0
0
0
0
0
0
0
0
0
0
0
0
0
0
0
0
0
0
0
0
0
0
0
0
0
0
0
0
0
0
0
0
0
0
0
0
0
0
0
0
0
0
0
0
0
0
0
0
0
0
0
0
0
0
0
0
0
0
0
0
0
0
0
0
0
0
0
0
0
0
0
0
0
0
0
0
0
0
0
0
0
0
0
0
0
0
0
0
0
0
0
0
0
0
0
0
0
0
0
0
0
0
0
0
0
0
0
0
0
0
0
0
0
0
0
0
0
0
0
0
0
0
0
0
0
0
0
0
0
0
0
0
0
0
0
0
0
0
0
0
0
0
0
0
0
0
0
0
0
0
0
0
0
0
0
0
0
0
0
0
0
0
0
0
0
0
0
0
0
0
0
0
0
0
0
0
0
0
0
0
0
0
0
0
0
0
0
0
0
0
0
0
0
0
0
0
0
0
0
0
0
0
0
0
0
0
0
0
0
0
0
0
0
0
0
0
0
0
0
0
0
0
0
0
0
0
0
0
0
0
0
0
0
0
0
0
0
0
0
0
0
0
0
0
0
0
0
0
0
0
0
0
0
0
0
0
0
0
0
0
0
0
0
0
0
0
0
0
0
0
0
0
0
0
0
0
0
0
0
0
0
0
0
0
0
0
0
0
0
0
0
0
0
0
0
0
0
0
0
0
0
0
0
0
0
0
0
0
0
0
0
0
0
0
0
0
0
0
0
0
0
0
0
0
0
0
0
0
0
0
0
0
0
0
0
0
0
0
0
0
0
0
0
0
0
0
0
0
0
0
0
0
0
0
0
0
0
0
0
0
0
0
0
0
0
0
0
0
0
0
0
0
0
0
0
0
0
0
0
0
0
0
0
0
0
0
0
0
0
0
0
0
0
0
0
0
0
0
0
0
0
0
0
0
0
0
0
0
0
0
0
0
0
0
0
0
0
0
0
0
0
0
0
0
0
0
0
0
0
0
0
0
0
0
0
0
0
0
0
0
0
0
0
0
0
0
0
0
0
0
0
0
0
0
0
0
0
0
0
0
0
0
0
0
0
0
0
0
0
0
0
0
0
0
0
0
0
0
0
0
0
0
0
0
0
0
0
0
0
0
0
0
0
0
0
0
0
0
0
0
0
0
0
0
0
0
0
0
0
0
0
0
0
0
0
0
0
0
0
0
0
0
0
0
0
0
0
0
0
0
0
0
0
0
0
0
0
0
0
0
0
0
0
0
0
0
0
0
0
0
0
0
0
0
0
0
0
0
0
0
0
0
0
0
0
0
0
0
0
0
0
0
0
0
0
0
0
0
0
0
0
0
0
0
0
0
0
0
0
0
0
0
0
0
0
0
0
